function colorlist=get_colorlist()

%function colorlist=get_colorlist
%   create list of colors to plot different signals
%
%Corentin Pitt Pittsburgh 06/03/2016
%%%%%%%%%%%%%%%%%%%%%%%%%%%%%%%%%%%%%%%%%%%%%%%%%%%%%%%%%%%%%%%%%%%%%%%%%%%

%colorlist=['b' 'r' 'g' 'm' 'y' 'k' 'b' 'r' 'g' 'm' 'y' 'k' 'b' 'r' 'g' 'm' 'y' 'k' 'b' 'r' 'g' 'm' 'y' 'k' ];

% colorlist={
% 'blue'      'b'     [0 0 1]
% 'red'       'r'     [1 0 0]
% 'green'     'g'     [0 1 0]
% 'magenta'   'm'     [1 0 1]
% 'yellow'    'y'     [1 1 0]
% 'cyan'      'c'     [0 1 1]
% 'black'     'k'     [0 0 0]
% 
% 'blue'      'b'     [0 0 0.75]
% 'red'       'r'     [0.75 0 0]
% 'green'     'g'     [0 0.75 0]
% 'magenta'   'm'     [0.75 0 0.75]
% 'yellow'    'y'     [0.75 0.75 0]
% 'cyan'      'c'     [0 0.75 0.75]
% 'black'     'k'     [0 0 0]
% 
% 'blue'      'b'     [0 0 0.5]
% 'red'       'r'     [0.5 0 0]
% 'green'     'g'     [0 0.5 0]
% 'magenta'   'm'     [0.5 0 0.5]
% 'yellow'    'y'     [0.5 0.5 0]
% 'cyan'      'c'     [0 0.5 0.5]
% 'black'     'k'     [0 0 0]
% }

colorlist=[
[0 0 1]
[0 1 1]
[1 0 1]
[1 0 0]
[0 1 0]
[1 1 0]

[0 0 0.75]
[0 0.75 0.75]
[0.75 0 0.75]
[0.75 0 0]
[0 0.75 0]
[0.75 0.75 0]

[0 0 0.5]
[0 0.5 0.5]
[0.5 0 0.5]
[0.5 0 0]
[0 0.5 0]
[0.5 0.5 0]

[0 0 0.25]
[0 0.25 0.25]
[0.25 0 0.25]
[0.25 0 0]
[0 0.25 0]
[0.25 0.25 0]


%repeat

[0 0 1]
[0 1 1]
[1 0 1]
[1 0 0]
[0 1 0]
[1 1 0]

[0 0 0.75]
[0 0.75 0.75]
[0.75 0 0.75]
[0.75 0 0]
[0 0.75 0]
[0.75 0.75 0]

[0 0 0.5]
[0 0.5 0.5]
[0.5 0 0.5]
[0.5 0 0]
[0 0.5 0]
[0.5 0.5 0]

[0 0 0.25]
[0 0.25 0.25]
[0.25 0 0.25]
[0.25 0 0]
[0 0.25 0]
[0.25 0.25 0]
];

